templeR0013.png 1520.400000 0.000000 302.320000 0.000000 1525.900000 246.870000 0.000000 0.000000 1.000000 0.11541167827420966000 0.99138900083137627000 0.06187078105613172400 -0.68405289691836879000 0.03416081723372646500 0.72863205583031487000 0.72024424935956100000 -0.12641553542381334000 0.68210507523987296000 -0.0193474918165 0.04321050765 0.589790751867
templeR0014.png 1520.400000 0.000000 302.320000 0.000000 1525.900000 246.870000 0.000000 0.000000 1.000000 0.12777196254899612000 0.99067700959105598000 0.04725873733079036200 -0.58073706790091917000 0.03610343749372974000 0.81329023095508723000 0.80400173106295025000 -0.13136058948124074000 0.57993586885009962000 -0.020311130356 0.0452044463785 0.583107596409
templeR0015.png 1520.400000 0.000000 302.320000 0.000000 1525.900000 246.870000 0.000000 0.000000 1.000000 0.13807231488914926000 0.98993281310425651000 0.03112975105337044400 -0.46705847237686349000 0.03736281839816532600 0.88343670015589459000 0.87337988254947896000 -0.13651756422101491000 0.46751527827122269000 -0.0213062156734 0.0462806066905 0.576221332616
templeR0016.png 1520.400000 0.000000 302.320000 0.000000 1525.900000 246.870000 0.000000 0.000000 1.000000 0.14612892702451932000 0.98916969148300282000 0.01377164253398251200 -0.34504569459932793000 0.03791648656454157900 0.93781971011760457000 0.92714066102459869000 -0.14179443394584298000 0.34684943877257168000 -0.022314990573 0.046419784801 0.569254845159
templeR0042.png 1520.400000 0.000000 302.320000 0.000000 1525.900000 246.870000 0.000000 0.000000 1.000000 -0.09868778720769125200 -0.99342356952296929000 -0.05805456202825097500 0.72029150408413001000 -0.03105781339599184000 -0.69297587358527946000 0.68661551817612676000 -0.11020446335472237000 0.71861958396388448000 0.028650693588 -0.0548464785114 0.59189613682
templeR0043.png 1520.400000 0.000000 302.320000 0.000000 1525.900000 246.870000 0.000000 0.000000 1.000000 -0.08513547925382919400 -0.99399869748797920000 -0.06869162659612815200 0.80631333030563868000 -0.02823128526067348500 -0.59081452919165756000 0.58532961956802643000 -0.10568625229769273000 0.80387788409161853000 0.0278557511485 -0.0516471860246 0.598117193954
templeR0044.png 1520.400000 0.000000 302.320000 0.000000 1525.900000 246.870000 0.000000 0.000000 1.000000 -0.07028452998918902100 -0.99451747087193221000 -0.07742793407223566600 0.87794743962593247000 -0.02482290748598041700 -0.47811307921684382000 0.47356982388922148000 -0.10158160952868461000 0.87487873360088786000 0.0271265258805 -0.0476405218956 0.603860347957
templeR0045.png 1520.400000 0.000000 302.320000 0.000000 1525.900000 246.870000 0.000000 0.000000 1.000000 -0.05439995112000559800 -0.99497063228547356000 -0.08410758709882369700 0.93391553816646533000 -0.02089350177384347000 -0.35688265460073498000 0.35333045847956862000 -0.09796378143513864700 0.93035513898593913000 0.0264760306379 -0.042897984106 0.609023113594
templeR0046.png 1520.400000 0.000000 302.320000 0.000000 1525.900000 246.870000 0.000000 0.000000 1.000000 -0.03776520743937929200 -0.99535009493528070000 -0.08861138538240269400 0.97321885941264064000 -0.01651318947821050300 -0.22928664648604202000 0.22675722875052765000 -0.09489732918046089900 0.96931710813530791000 0.0259158736918 -0.0375042045812 0.613513359853
